model:
  nStates: 4
  nActions: 3
  L: 0.684
  l_f: 0.342
  l_r: 0.342

T: 6
dt: 0.1
maxSpeed: 6.0
maxSteer: 0.523598
maxDSteer: 0.523598
maxAcc: 4.0
maxDAcc: 1.0
refVel: 6.0

Q:  [20, 20, 10, 0]
Qf: [30, 30, 30, 0]
R:  [10, 10, 10]
R_: [10, 10, 10]